53333 7.25 7.75 60500.0 10.603 46.8 1930
36429 -77.25 6.25 9432.0 55.789 24.2 1966
33002 -122.25 37.75 60885.0 21.504 57.0 1948
22857 86.75 20.75 50000.0 21.283 1.0 1971
22319 -58.75 6.25 66600.0 66.436 28.8 1965
21111 120.25 34.25 121330.0 26.971 53.7 1915
20000 135.25 -14.75 47400.0 3.147 32.8 1966
19444 103.25 3.25 19000.0 16.895 31.7 1963
19000 -81.75 52.25 118000.0 30.080 34.4 1964
18947 -0.75 44.75 52000.0 19.264 58.3 1920
18636 -68.75 -50.25 15550.0 22.011 37.6 1955
18000 -92.75 57.25 997000.0 69.606 71.3 1915
17979 106.25 9.75 545000.0 300.351 82.6 1923
17838 -37.75 -4.75 48200.0 3.692 32.1 1961
17619 -123.25 45.25 18855.0 21.004 91.0 1909
17586 -88.25 30.75 56894.0 29.624 76.5 1930
17500 115.75 -31.75 118200.0 0.374 29.8 1970
17368 31.25 60.75 61275.0 18.720 102.0 1900
17308 39.25 47.25 378000.0 24.447 92.9 1900
17059 -8.75 41.25 91491.0 17.317 36.8 1933
16977 -68.25 58.25 86800.0 40.591 37.7 1954
16897 -78.25 52.25 44300.0 28.659 42.0 1959
16744 -122.75 48.75 217000.0 85.430 93.8 1912
16667 78.75 67.25 100000.0 32.805 32.1 1962
16667 -66.25 58.75 35200.0 23.462 15.8 1962
16062 -67.75 48.75 773888.0 224.654 106.8 1900
16000 -87.75 56.25 94300.0 19.933 22.6 1970
15897 106.75 73.25 275000.0 87.626 13.4 1961
15882 -57.25 5.75 51600.0 34.267 7.0 1973
15714 10.25 3.75 131500.0 62.633 36.6 1943
15385 39.25 -7.75 158200.0 25.738 16.6 1954
15313 129.75 -15.25 44900.0 4.205 39.5 1953
15233 95.75 17.75 117900.0 256.783 11.0 1978
15085 -92.25 18.25 50743.0 58.594 46.0 1949
15000 -162.25 60.25 80549.0 37.743 54.3 1951
14865 -74.25 45.75 89600.0 36.484 91.8 1914
14839 -76.25 39.25 62419.0 30.392 106.8 1900
14762 -158.25 58.75 25511.0 20.987 16.0 1977
14737 46.25 31.75 134000.0 38.193 34.1 1906
14651 -123.75 46.25 613827.0 164.860 106.8 1900
14576 -54.25 5.75 63700.0 51.629 45.0 1951
14375 10.25 -2.75 20000.0 16.315 6.3 1965
14354 -49.25 -2.25 742300.0 357.689 49.4 1978
14286 -51.75 3.75 25100.0 26.381 42.8 1953
13889 118.25 5.75 10800.0 16.285 3.8 1981
13818 -58.25 -33.75 249312.0 166.907 57.3 1965
13600 -80.75 51.75 61100.0 23.795 45.3 1959
13378 -44.25 -2.75 50800.0 7.455 42.6 1968
13333 -72.75 -41.75 8620.0 20.970 43.4 1943
13333 71.75 66.25 48000.0 14.420 38.1 1955
13286 111.75 2.75 34053.0 70.272 31.5 1962
13200 -110.25 27.75 57908.0 2.478 4.0 1976
13143 122.25 40.75 120764.0 3.512 56.8 1938
12941 -93.16 17.98 9000.0 4.546 3.0 1976
12857 -91.75 31.25 174824.0 27.662 78.0 1928
12857 -88.25 31.75 39847.1 21.223 78.2 1928
12778 -47.75 -1.75 38178.0 18.376 33.7 1971
12727 37.75 45.25 48100.0 11.837 86.8 1911
12703 -56.25 -5.25 40400.0 37.088 2.5 1986
12593 -66.25 45.25 39900.0 35.739 76.6 1918
12568 9.75 -0.75 203500.0 147.964 42.0 1930
12545 -51.75 -29.75 71454.0 54.999 58.4 1972
12500 43.75 66.25 56400.0 20.219 84.4 1920
12462 -51.75 -0.75 4618750.0 5389.537 79.0 1928
12414 -130.25 54.25 42200.0 28.536 72.8 1928
12315 -55.25 -2.75 387378.0 337.803 24.0 1973
12308 113.75 73.25 78800.0 14.449 48.1 1954
12295 42.75 0.75 179520.0 6.086 25.8 1951
12273 9.25 53.75 123532.0 21.423 102.0 1900
12222 -78.75 51.75 40900.0 26.529 37.5 1963
12217 113.25 22.25 329705.0 219.664 45.7 1915
12167 86.25 20.25 132090.0 59.434 6.0 1965
11933 -57.75 -34.75 2346000.0 476.584 101.3 1905
11919 160.75 68.75 526000.0 97.080 74.3 1927
11875 24.25 56.75 70350.0 15.750 58.8 1906
11852 -78.25 1.75 18800.0 31.726 9.5 1973
11818 -79.25 51.25 57500.0 32.542 22.0 1960
11765 14.25 53.75 109729.0 16.724 100.2 1900
11739 113.75 22.75 25325.0 23.412 34.3 1953
11724 100.25 13.75 118816.0 23.273 86.5 1912
11685 68.25 24.75 975000.0 88.525 63.8 1936
11667 33.75 -24.75 342000.0 11.677 3.2 1976
11600 -130.25 54.75 19200.0 24.484 66.4 1929
11522 -70.75 48.25 73000.0 45.981 80.3 1913
11474 -61.75 9.25 836000.0 980.088 75.8 1923
11458 11.75 45.25 70091.0 47.746 80.3 1918
11381 -90.25 29.75 2896021.0 537.319 79.0 1928
11379 -68.25 49.25 45800.0 32.097 46.7 1946
11379 162.75 56.25 51600.0 29.165 47.3 1937
11346 140.25 51.75 1730000.0 305.944 99.9 1900
11333 -3.75 5.25 66500.0 5.776 41.8 1953
11282 73.25 21.75 89345.0 38.381 26.0 1949
11176 -76.99 55.23 36300.0 16.634 37.1 1961
11143 35.75 -18.25 940000.0 105.311 4.0 1976
11111 -73.75 -47.75 23736.0 27.443 21.8 1963
11103 -52.25 -2.25 446388.0 273.437 26.4 1971
11059 139.25 -35.25 991000.0 8.518 69.9 1930
11053 46.25 31.75 274100.0 19.149 18.0 1923
11000 30.25 46.25 66100.0 9.868 56.9 1900
10952 113.75 22.75 38363.0 42.126 34.7 1953
10882 0.25 5.75 394100.0 33.918 47.3 1936
10870 -129.25 69.75 56300.0 4.619 30.4 1969
10833 -7.25 37.25 60883.0 4.874 43.9 1946
10833 -41.75 -3.25 282000.0 24.037 43.3 1963
10800 149.75 71.25 305000.0 50.437 62.3 1936
10769 -2.25 47.25 110000.0 27.553 100.0 1900
10741 -62.75 -40.75 95000.0 26.924 66.8 1927
10625 -95.75 67.25 93900.0 14.913 40.1 1965
10625 122.25 72.75 198000.0 34.446 49.0 1951
10597 -95.25 29.25 116568.0 6.704 87.5 1903
10577 80.25 16.25 251355.0 51.809 74.0 1901
10576 88.25 24.25 951600.0 379.679 48.0 1949
10566 40.25 64.75 348000.0 104.400 105.7 1900
10488 -38.75 -12.75 53866.0 4.060 56.1 1964
10444 116.75 36.75 734146.0 44.924 52.3 1934
10443 -164.25 62.75 831386.0 227.464 50.0 1956
10417 48.25 30.75 60769.0 23.437 66.4 1900
10381 83.25 70.75 2440000.0 583.768 69.3 1936
10378 69.25 66.75 2430000.0 396.085 76.0 1930
10374 120.75 32.25 1705383.0 905.141 99.6 1900
10370 -78.75 53.75 96300.0 53.728 18.8 1960
10370 53.25 67.75 312000.0 137.846 73.8 1916
10357 74.75 68.75 95100.0 27.852 50.2 1939
10336 143.25 -3.75 40922.0 118.605 4.0 1980
10313 -6.25 36.75 46995.0 9.966 75.9 1913
10303 18.75 54.25 194000.0 32.871 94.0 1900
10291 12.75 -5.75 3475000.0 1270.203 97.1 1903
10274 5.75 52.75 180000.0 70.459 103.0 1901
10245 89.75 24.25 554542.0 670.943 44.3 1956
10139 6.25 4.75 2209302.5 180.524 73.0 1915
10120 161.25 68.25 49600.0 8.415 23.0 1978
10112 -36.75 -10.25 622600.0 89.363 76.4 1926
10095 126.75 72.75 2430000.0 529.295 71.4 1934
10069 -134.25 68.75 1660000.0 283.431 46.6 1943
10000 99.83 13.56 26449.0 8.650 31.5 1965
10000 9.97 4.46 8250.0 9.734 26.0 1951
10000 -99.63 16.93 7067.0 3.402 4.0 1976
10000 99.61 7.55 1801.0 1.284 16.8 1967
10000 9.92 59.90 16020.0 9.703 62.8 1912
10000 99.14 9.14 5200.0 3.622 15.5 1969
10000 99.12 14.43 10880.0 4.431 37.0 1952
10000 -98.37 29.85 3405.8 0.309 73.3 1922
10000 -98.27 16.70 2514.0 2.402 6.8 1976
10000 -98.25 22.25 58115.0 13.614 23.0 1957
10000 -97.86 28.04 43149.0 0.640 60.1 1939
10000 -97.67 20.92 4341.0 1.506 2.8 1976
10000 -97.62 16.28 17617.0 5.327 6.0 1976
10000 -97.47 20.54 1600.0 1.415 4.0 1976
10000 -97.25 25.75 456700.0 1.499 67.0 1934
10000 -97.25 20.40 7172.0 6.255 4.0 1976
10000 9.72 35.38 8575.0 0.103 2.7 1976
10000 -97.04 20.06 1467.0 1.782 4.0 1976
10000 9.67 56.23 1289.0 0.512 86.0 1917
10000 9.67 35.63 675.0 0.020 4.0 1976
10000 96.47 18.92 14660.0 9.434 -999.0 -999
10000 -96.37 19.37 2234.0 1.820 31.0 1951
10000 -95.75 28.75 108787.0 2.583 74.7 1919
10000 -95.75 18.75 21419.0 21.514 51.0 1948
10000 -9.53 7.33 9760.0 6.735 3.0 1973
10000 -95.33 16.43 9364.0 0.655 3.0 1976
10000 95.30 22.54 12499.0 3.866 21.0 1946
10000 95.30 19.36 7782.0 1.966 11.8 1952
10000 9.52 36.58 20895.0 0.588 45.0 1950
10000 95.19 21.16 2577.0 1.774 9.3 1950
10000 -95.05 62.47 12400.0 2.569 12.2 1979
10000 -94.87 17.43 9224.0 13.041 4.0 1976
10000 -94.85 30.42 44512.0 7.003 75.4 1924
10000 9.47 36.95 234.0 0.063 4.0 1976
10000 -94.25 58.75 287000.0 18.357 71.8 1928
10000 -94.09 30.36 20593.0 5.668 80.9 1904
10000 -94.05 67.52 18100.0 4.051 19.4 1971
10000 -93.74 30.30 24162.0 7.540 75.0 1924
10000 9.30 54.52 480.0 0.216 5.8 1981
10000 -92.80 30.63 1950.3 1.043 58.4 1922
10000 -92.75 56.75 103000.0 19.187 28.4 1974
10000 -92.75 18.25 37702.0 16.920 32.6 1947
10000 9.25 5.75 6810.0 17.097 12.6 1967
10000 -9.25 39.25 67490.0 9.981 72.0 1913
10000 -92.15 14.68 1139.0 3.138 25.0 1955
10000 9.20 42.22 154.0 0.152 38.7 1959
10000 -9.15 54.10 2131.0 1.617 6.0 1973
10000 9.13 52.97 37788.0 9.981 66.0 1921
10000 9.12 35.08 2200.0 0.048 40.5 1957
10000 -91.04 18.18 9628.0 1.312 4.0 1976
10000 -9.06 53.27 3114.0 2.882 7.0 1973
10000 -90.44 64.29 11000.0 2.579 11.8 1978
10000 -90.09 13.84 1991.0 0.847 15.8 1965
10000 -89.82 30.79 17024.0 9.086 59.0 1938
10000 8.95 36.29 500.0 0.039 16.4 1970
10000 89.25 25.75 20000.0 28.631 12.8 1969
10000 -88.72 30.98 17068.0 9.028 69.0 1930
10000 -88.70 13.43 18176.0 11.433 14.2 1965
10000 -88.41 13.28 2238.0 1.176 12.0 1969
10000 87.37 23.43 19220.0 9.351 40.7 1934
10000 8.72 55.95 1040.0 0.470 81.5 1920
10000 -87.23 30.97 9886.0 5.683 65.0 1934
10000 86.57 22.45 15152.0 9.791 10.7 1964
10000 -85.95 13.50 5510.0 1.059 25.6 1958
10000 -85.25 55.25 50000.0 13.304 37.5 1965
10000 -85.25 29.75 44548.0 19.987 78.0 1928
10000 8.50 36.12 9000.0 0.159 4.0 1976
10000 -84.92 53.80 10400.0 2.722 25.1 1967
10000 -8.47 37.30 386.0 0.139 36.8 1952
10000 -84.68 13.07 15073.0 15.803 10.7 1971
10000 -84.65 10.05 190.0 0.389 6.4 1969
10000 -84.40 11.02 28600.0 12.435 10.5 1969
10000 -84.38 9.93 1638.0 2.541 14.7 1965
10000 -8.42 52.80 11690.0 5.604 44.0 1934
10000 -8.42 40.21 4929.0 2.489 40.9 1939
10000 -8.40 38.07 2721.0 0.248 52.5 1934
10000 -8.38 42.08 15457.0 7.878 59.8 1914
10000 -83.47 8.95 4767.0 10.496 14.7 1965
10000 -8.30 40.75 928.0 0.903 18.7 1962
10000 -82.93 29.96 20409.0 6.309 68.3 1931
10000 -82.83 8.53 788.0 1.990 19.4 1965
10000 -82.33 8.42 1337.0 4.517 20.0 1965
10000 -82.25 53.25 24200.0 7.700 28.8 1965
10000 -81.87 27.22 3540.5 0.954 62.5 1931
10000 -81.83 31.65 35224.0 12.491 67.0 1931
10000 -8.17 54.50 4375.0 2.697 6.0 1973
10000 81.75 16.75 299320.0 95.878 73.5 1901
10000 -8.17 41.20 3180.0 2.243 32.0 1955
10000 -81.63 8.07 1070.0 3.006 20.0 1965
10000 -81.38 29.01 7941.0 2.773 67.3 1933
10000 -81.30 26.92 805.5 0.226 62.0 1931
10000 -81.26 32.53 25511.0 10.779 67.3 1929
10000 -81.25 8.20 697.0 1.667 12.0 1973
10000 81.10 7.92 7343.0 6.501 42.8 1942
10000 8.10 58.85 290.0 0.333 63.0 1925
10000 -80.98 8.24 1505.0 2.753 19.9 1965
10000 80.87 6.34 1589.0 1.418 25.0 1943
10000 -80.87 33.48 1769.0 0.694 54.8 1938
10000 -80.65 35.83 792.5 0.307 53.0 1938
10000 -80.56 22.35 848.0 0.271 17.4 1962
10000 -8.05 52.15 1440.0 1.814 6.0 1973
10000 -80.53 7.87 1000.0 0.911 11.8 1973
10000 -80.48 8.42 471.0 0.590 19.7 1965
10000 80.27 8.60 2121.0 0.323 35.0 1946
10000 80.20 6.18 681.0 1.947 62.2 1927
10000 -80.16 33.45 38073.0 1.974 52.4 1942
10000 -80.15 -4.30 6912.0 2.571 8.0 1977
10000 -80.00 -1.70 8690.0 8.331 20.9 1970
10000 79.99 14.45 53290.0 2.345 14.0 1965
10000 79.88 6.95 2085.0 5.468 35.7 1925
10000 79.75 10.75 74004.0 7.702 5.0 1971
10000 -79.55 34.20 22870.0 9.008 60.0 1938
10000 -79.34 54.42 9560.0 4.057 7.4 1973
10000 -79.28 -7.28 2500.0 0.841 62.0 1927
10000 -79.27 -6.61 3000.0 0.906 47.0 1914
10000 79.20 11.95 12888.0 0.651 4.0 1976
10000 -78.82 9.18 3612.0 6.035 11.0 1965
10000 -78.82 34.83 12566.7 4.444 63.3 1937
10000 -78.72 49.95 10000.0 4.207 1.9 1968
10000 -78.47 0.87 4960.0 4.547 21.7 1964
10000 -78.28 -9.48 2082.0 0.179 30.0 1931
10000 -78.02 -10.07 2046.0 0.109 27.0 1933
10000 -78.00 -9.00 15000.0 4.532 27.0 1938
10000 -77.97 38.35 1222.5 0.478 65.0 1930
10000 -77.97 18.40 221.0 0.420 10.4 1969
10000 -77.96 58.50 11200.0 3.254 8.3 1975
10000 77.93 8.62 4505.0 1.012 7.0 1971
10000 77.80 10.10 2253.0 0.885 6.8 1972
10000 -77.63 36.46 21720.0 7.341 87.8 1912
10000 -77.58 35.42 1888.1 0.682 62.8 1928
10000 -77.55 37.56 17503.0 6.254 65.0 1934
10000 -77.52 38.32 4118.1 1.487 85.5 1910
10000 -77.48 1.62 13147.0 9.166 12.4 1971
10000 -77.25 4.25 14000.0 65.138 25.8 1965
10000 7.72 36.45 552.0 0.100 2.7 1976
10000 -77.20 -11.13 5000.0 0.866 56.3 1911
10000 -77.13 38.95 29940.0 10.211 70.8 1930
10000 -77.00 -11.80 1849.0 0.263 57.9 1935
10000 76.75 10.17 5387.0 5.108 11.0 1968
10000 -76.64 53.65 10900.0 5.786 18.3 1960
10000 -76.46 18.13 215.0 0.759 10.8 1969
10000 -76.20 56.86 12500.0 7.653 18.3 1974
10000 -76.15 -13.00 4900.0 1.621 27.0 1934
10000 -74.97 41.93 624.2 0.496 80.5 1914
10000 -74.78 40.22 17560.0 10.477 86.0 1912
10000 74.75 15.25 1393.0 4.020 10.0 1968
10000 -74.75 10.75 257438.0 230.904 51.0 1950
10000 -74.68 20.38 753.0 1.005 11.0 1969
10000 -7.45 5.87 13750.0 5.439 36.0 1955
10000 -74.15 41.08 310.8 0.204 77.0 1902
10000 -73.69 42.75 20953.0 12.410 51.8 1946
10000 73.03 22.30 33670.0 12.073 11.0 1968
10000 -73.02 -38.03 377.0 0.339 41.0 1948
10000 -72.97 -40.32 3714.0 12.231 35.6 1929
10000 -72.90 -38.15 1054.0 0.601 41.0 1948
10000 -72.75 46.75 42000.0 23.266 94.0 1901
10000 -72.75 -40.57 3714.0 3.939 17.6 1942
10000 -72.75 -37.25 24029.0 31.876 28.3 1963
10000 72.75 21.25 61575.0 15.428 27.3 1940
10000 72.63 23.07 12950.0 1.028 11.0 1968
10000 -72.61 41.99 25019.0 15.025 72.4 1928
10000 7.25 52.73 8345.0 2.692 7.0 1980
10000 7.23 58.40 266.0 0.531 6.0 1978
10000 -71.90 59.98 26900.0 10.925 20.9 1962
10000 -71.68 43.75 1611.0 1.218 92.6 1903
10000 -71.68 -33.98 13186.0 6.077 65.1 1917
10000 -71.68 19.10 1029.0 0.666 8.9 1976
10000 -71.57 -30.63 11343.0 0.311 31.6 1958
10000 -71.57 19.77 6718.0 2.034 4.0 1976
10000 -71.55 -36.57 1709.0 3.587 41.0 1948
10000 -71.50 -36.42 326.0 1.083 41.0 1948
10000 -71.30 42.65 12005.0 6.891 76.3 1923
10000 -71.08 43.98 997.1 0.832 73.0 1903
10000 -71.08 -35.70 5454.0 7.750 76.9 1915
10000 -71.07 18.68 1709.0 0.759 7.8 1976
10000 -70.64 -31.89 1160.0 0.289 23.9 1941
10000 -70.57 -34.82 956.0 1.044 12.7 1944
10000 -70.52 -33.37 500.0 0.184 14.9 1943
10000 -70.52 -28.72 7187.0 0.162 41.0 1948
10000 -70.40 -33.58 4968.0 3.375 42.4 1946
10000 -70.32 -32.92 875.0 0.635 18.0 1942
10000 -70.21 44.07 8451.0 5.525 71.0 1928
10000 -69.89 10.19 3590.0 0.373 45.0 1943
10000 -69.82 19.15 5115.0 3.035 8.5 1976
10000 -69.75 58.75 41700.0 18.513 30.3 1962
10000 -69.75 57.75 42700.0 18.980 34.6 1962
10000 -69.53 -21.65 500.0 0.023 5.7 1966
10000 6.90 43.75 1827.0 1.370 3.0 1978
10000 -68.97 9.68 4325.0 0.596 21.3 1943
10000 68.73 66.03 15100.0 4.124 45.2 1953
10000 68.67 67.27 10600.0 3.474 18.7 1944
10000 -68.64 10.40 1206.0 0.296 23.3 1943
10000 -68.60 9.68 1563.0 0.471 27.0 1942
10000 -68.50 -43.85 16400.0 1.490 57.8 1943
10000 -68.40 49.15 18900.0 12.341 57.3 1922
10000 -68.27 57.67 2140.0 0.972 19.7 1972
10000 -68.12 9.50 2730.0 0.719 17.0 1952
10000 -67.58 57.88 29800.0 15.975 38.5 1956
10000 -67.09 18.36 184.0 0.259 31.3 1967
10000 -67.05 18.28 244.0 0.278 32.5 1963
10000 -66.92 10.16 1180.0 0.217 26.3 1942
10000 -66.53 18.43 510.0 0.314 26.8 1970
10000 -66.38 10.32 719.0 0.216 21.0 1944
10000 -66.18 50.35 19000.0 13.189 34.8 1965
10000 -6.57 53.70 2695.0 0.992 6.9 1973
10000 -6.54 33.70 3230.0 0.072 4.7 1980
10000 -64.95 -38.82 22300.0 4.155 82.5 1918
10000 -6.48 53.37 1565.0 0.228 5.0 1973
10000 6.33 52.25 3600.0 1.020 5.0 1978
10000 6.29 36.24 1220.0 0.011 2.7 1976
10000 -61.59 50.19 16000.0 11.235 13.6 1962
10000 -59.60 50.70 19100.0 15.465 13.9 1965
10000 -59.25 6.75 53400.0 35.671 10.0 1973
10000 -5.90 32.68 3330.0 0.981 35.2 1953
10000 -59.00 6.00 14000.0 24.473 16.7 1978
10000 57.17 27.40 9285.0 0.368 21.1 1962
10000 -57.00 -35.00 30000.0 1.710 7.8 1968
10000 -54.87 -1.50 20803.0 4.122 24.8 1973
10000 -54.40 -1.78 17072.0 3.605 25.3 1972
10000 5.43 51.81 29000.0 10.295 74.0 1911
10000 -5.43 34.28 17250.0 1.803 29.4 1959
10000 -54.27 -2.78 17982.0 4.227 23.2 1970
10000 -53.99 -30.23 2968.0 1.714 28.0 1969
10000 -53.83 3.42 7650.0 4.504 15.6 1956
10000 -53.70 -0.42 30945.0 15.451 16.3 1973
10000 -53.55 -3.68 2628.0 1.031 15.9 1979
10000 -53.55 -30.15 732.0 0.396 34.6 1940
10000 -53.25 -1.25 51343.0 32.113 37.8 1968
10000 -52.90 -31.87 2371.0 1.158 7.3 1965
10000 -52.80 -2.22 10000.0 3.171 3.3 1981
10000 -52.65 -31.90 5370.0 3.014 20.1 1961
10000 -52.48 -31.71 133.0 0.089 33.6 1964
10000 -52.46 -31.57 362.0 0.333 34.1 1964
10000 -5.24 34.59 6190.0 2.838 37.3 1951
10000 -52.35 3.17 5920.0 5.271 6.0 1960
10000 -52.08 -30.98 944.0 0.539 5.9 1943
10000 -52.05 -31.01 15543.0 9.994 30.8 1964
10000 -51.80 0.18 4268.0 1.517 9.1 1982
10000 -51.74 0.41 1220.0 1.157 6.7 1989
10000 -51.68 -30.75 597.0 0.319 7.6 1977
10000 -51.60 0.97 3500.0 4.100 3.2 1979
10000 -51.52 -3.77 23070.0 9.169 11.1 1977
10000 -51.46 3.04 900.0 0.730 2.5 1997
10000 -51.37 -3.62 2682.0 2.926 1.7 1981
10000 -51.37 3.05 4018.0 6.811 6.3 1984
10000 -51.15 -29.76 3131.0 2.987 20.0 1973
10000 51.13 67.03 8500.0 2.969 69.7 1928
10000 -50.92 1.40 2500.0 2.105 2.8 1997
10000 -50.63 -3.84 2682.0 4.098 15.1 1981
10000 -50.25 1.25 23373.0 29.996 41.2 1952
10000 -50.08 -29.77 1718.0 1.513 18.4 1981
10000 49.67 30.50 12600.0 2.573 21.0 1955
10000 -49.60 -28.96 898.0 1.087 55.8 1943
10000 -49.59 -28.85 404.0 0.413 20.9 1977
10000 49.25 -18.18 2545.0 3.367 30.9 1953
10000 -49.21 -3.51 3622.0 4.191 15.6 1982
10000 -49.11 -28.42 2740.0 2.155 59.4 1939
10000 -49.07 -26.92 11803.0 12.082 57.0 1939
10000 49.05 -13.20 3210.0 4.696 19.4 1963
10000 48.95 -18.73 1825.0 2.343 20.9 1948
10000 -48.92 -27.10 1240.0 0.809 60.4 1934
10000 -48.85 -27.27 1964.0 2.009 16.2 1983
10000 -48.83 -26.45 337.0 0.743 19.8 1977
10000 -48.71 -27.69 522.0 0.616 11.3 1988
10000 48.45 -13.68 2980.0 4.315 27.3 1953
10000 48.44 31.48 45882.0 5.246 25.8 1948
10000 48.25 66.50 2780.0 0.979 27.0 1965
10000 -47.92 -24.33 270.0 0.504 14.1 1981
10000 -47.88 -24.59 1325.0 1.042 37.0 1963
10000 -47.84 -24.49 20855.0 14.480 46.3 1953
10000 -47.84 -24.38 5390.0 4.134 29.8 1937
10000 47.73 -21.00 2260.0 3.570 14.6 1956
10000 -47.65 -24.17 634.0 0.751 27.2 1972
10000 -47.58 -24.31 1713.0 1.676 35.3 1962
10000 -4.75 5.25 95500.0 8.300 38.0 1954
10000 4.75 43.75 95590.0 53.904 81.0 1920
10000 -47.10 -1.56 6760.0 4.276 34.9 1965
10000 -4.70 37.05 761.0 0.050 7.0 1977
10000 46.97 -22.93 14160.0 7.615 16.2 1960
10000 46.93 -16.93 11800.0 8.563 12.0 1957
10000 -46.87 -1.25 1315.0 1.274 7.2 1964
10000 46.85 -17.42 18550.0 13.832 32.6 1948
10000 -46.80 -2.77 4668.0 2.172 14.8 1985
10000 -46.78 -24.07 264.0 0.473 9.4 1981
10000 -46.59 -1.74 2631.0 2.432 22.3 1975
10000 46.38 -25.03 12435.0 1.914 22.0 1951
10000 -46.32 -1.80 31064.0 14.984 26.8 1972
10000 4.60 36.42 4309.0 0.152 2.7 1976
10000 45.98 -21.32 6510.0 3.104 17.0 1952
10000 -45.96 -2.05 2500.0 1.933 27.2 1972
10000 -45.79 -2.50 839.0 0.562 15.8 1981
10000 -45.67 -2.94 3762.0 2.525 27.3 1972
10000 -4.56 52.04 894.0 0.895 40.3 1959
10000 45.53 -19.80 17990.0 15.499 3.3 1980
10000 45.47 -19.52 14375.0 13.897 2.0 1981
10000 -45.46 -3.66 34030.0 6.298 27.3 1972
10000 -45.22 -3.77 20700.0 3.353 27.6 1970
10000 45.10 65.82 12000.0 3.875 61.8 1933
10000 44.91 -19.14 1893.0 3.842 9.6 1971
10000 44.78 -20.40 4650.0 1.537 14.8 1951
10000 -44.77 -4.22 25500.0 3.377 23.6 1975
10000 44.75 -19.75 45000.0 31.400 24.3 1958
10000 44.52 -24.35 1700.0 0.346 5.8 1976
10000 -43.90 -3.46 12350.0 3.993 26.8 1963
10000 -43.87 -3.55 2450.0 0.642 26.8 1972
10000 43.75 -21.75 53225.0 16.646 26.0 1951
10000 -43.63 -22.82 1353.0 4.629 6.9 1963
10000 43.52 64.97 3040.0 1.064 64.4 1926
10000 -42.74 -22.59 287.0 0.344 29.6 1969
10000 -4.22 50.53 917.0 0.712 43.5 1956
10000 -4.20 51.86 1090.0 1.225 41.2 1958
10000 -41.95 -21.73 1123.0 0.337 32.7 1967
10000 -41.94 -21.77 1816.0 0.967 32.1 1967
10000 -41.92 -20.69 447.0 0.209 62.3 1937
10000 -41.92 -18.53 11191.0 2.778 37.0 1938
10000 -41.86 -21.64 3118.0 1.383 68.0 1931
10000 -41.74 -22.09 626.0 0.415 66.9 1930
10000 -41.68 -20.77 413.0 0.310 62.1 1937
10000 -41.62 -21.49 7270.0 2.881 42.8 1954
10000 -41.54 -19.07 3250.0 1.067 20.9 1975
10000 -41.51 -20.53 1045.0 0.573 36.8 1961
10000 -41.46 -19.59 3230.0 1.226 22.3 1976
10000 -41.44 -19.82 1187.0 0.441 25.2 1973
10000 -41.36 -21.06 369.0 0.229 31.0 1969
10000 -41.31 -21.22 3781.0 1.807 30.2 1969
10000 -41.25 -21.75 55500.0 26.226 78.9 1928
10000 -41.17 -20.70 1458.0 0.658 12.4 1986
10000 -41.16 -19.49 8810.0 3.052 56.9 1938
10000 41.13 67.09 15200.0 5.305 37.2 1935
10000 -41.09 -21.02 505.0 0.189 14.5 1984
10000 41.08 64.65 1400.0 0.460 39.4 1938
10000 -41.01 -19.52 2135.0 0.673 51.0 1941
10000 -40.95 -20.95 5166.0 2.446 30.8 1969
10000 -40.95 -20.89 304.0 0.225 29.4 1970
10000 -40.82 -3.12 3720.0 1.214 37.3 1911
10000 -40.71 -19.54 873.0 0.273 23.2 1974
10000 -40.69 -19.42 919.0 0.317 32.3 1965
10000 -40.65 -20.32 973.0 0.440 30.9 1969
10000 40.57 66.50 584.0 0.215 43.5 1948
10000 -40.53 -20.10 997.0 0.457 50.2 1949
10000 -40.52 -19.06 1022.0 0.448 29.6 1967
10000 -40.49 -20.42 1690.0 0.827 27.6 1968
10000 40.42 65.67 1840.0 0.696 32.3 1956
10000 -40.35 -17.83 14174.0 3.161 56.8 1943
10000 -40.34 -3.69 11160.0 1.684 65.8 1911
10000 40.15 64.30 1820.0 0.515 17.8 1970
10000 39.97 66.26 670.0 0.300 8.7 1948
10000 -3.98 51.00 826.0 0.627 9.0 1980
10000 -39.75 -19.25 78456.0 32.437 68.0 1967
10000 39.70 67.98 6570.0 2.376 18.9 1935
10000 39.67 -0.44 42217.0 4.944 55.0 1934
10000 39.50 66.20 1050.0 0.381 14.4 1952
10000 -39.49 -13.61 875.0 0.364 45.6 1953
10000 -39.46 -14.33 6570.0 1.216 49.1 1947
10000 39.40 64.38 1190.0 0.413 58.3 1928
10000 -39.32 -13.17 5970.0 0.502 44.2 1955
10000 -39.30 -15.57 29138.0 2.439 41.3 1936
10000 -39.27 -14.80 3964.0 0.823 8.3 1935
10000 -39.25 -16.25 67769.0 14.445 65.3 1936
10000 -39.25 -14.25 56290.0 3.415 70.1 1935
10000 -39.18 -13.78 310.0 0.183 30.2 1969
10000 -39.12 -13.60 2830.0 1.311 41.0 1957
10000 -39.08 -13.37 1280.0 0.604 29.4 1969
10000 -39.05 -12.23 10560.0 0.306 66.4 1929
10000 -39.03 -13.03 1480.0 0.313 50.8 1949
10000 39.00 -5.50 25110.0 0.861 18.7 1959
10000 -38.87 -6.41 12000.0 0.875 36.3 1957
10000 -38.74 -12.53 390.0 0.092 4.9 1990
10000 3.87 36.80 2501.0 0.573 4.0 1976
10000 38.70 -6.68 15190.0 2.088 18.3 1959
10000 -38.48 -4.30 4050.0 0.441 23.9 1969
10000 -38.44 -5.12 17900.0 1.536 34.9 1961
10000 -38.36 -4.50 2000.0 0.196 28.8 1969
10000 38.26 68.33 1210.0 0.515 17.3 1947
10000 38.25 63.75 55735.0 16.106 60.0 1943
10000 -38.15 -12.37 400.0 0.219 13.0 1963
10000 -38.07 -12.51 4860.0 0.999 36.6 1961
10000 -3.79 53.11 344.0 0.583 33.2 1964
10000 -37.80 -11.73 35150.0 1.095 25.8 1964
10000 -37.76 -12.06 4140.0 0.354 31.7 1966
10000 -37.57 -11.54 4320.0 0.466 30.6 1966
10000 -37.36 -5.22 9450.0 0.210 12.2 1986
10000 -37.35 -10.94 15740.0 0.364 28.6 1971
10000 -37.29 -5.29 2547.0 0.106 6.9 1993
10000 -37.19 -10.66 1960.0 0.149 17.3 1972
10000 -37.04 -10.70 302.0 0.104 22.8 1973
10000 -36.89 -5.62 37600.0 3.204 14.7 1985
10000 36.75 68.90 980.0 0.695 16.0 1932
10000 36.60 66.39 7940.0 2.504 57.6 1935
10000 36.32 35.80 5130.0 0.959 4.0 1976
10000 -36.30 -10.03 1453.0 0.248 20.4 1978
10000 36.22 63.92 1350.0 0.484 33.4 1954
10000 35.87 32.73 5950.0 0.280 10.8 1965
10000 -35.86 -9.47 3860.0 0.938 24.8 1974
10000 3.58 36.62 3615.0 0.230 3.7 1976
10000 35.63 36.97 20466.0 7.022 13.3 1970
10000 -35.58 -8.68 5100.0 0.996 25.8 1973
10000 -35.55 -9.13 674.0 0.573 19.3 1978
10000 -35.45 -8.84 725.0 0.444 9.9 1989
10000 -35.45 -5.82 2720.0 0.041 2.7 1933
10000 35.43 64.25 1990.0 0.631 56.6 1926
10000 -35.42 -5.63 2400.0 0.171 41.0 1912
10000 -35.36 -8.28 2960.0 0.257 32.0 1967
10000 35.33 68.45 8640.0 3.307 31.6 1959
10000 -35.31 -8.64 1360.0 0.901 9.6 1989
10000 -35.31 -6.06 2500.0 0.091 19.9 1977
10000 35.30 -5.97 11400.0 0.172 24.6 1960
10000 35.25 47.25 463000.0 46.822 33.0 1952
10000 -35.22 -6.45 3590.0 0.137 28.5 1927
10000 -35.22 -6.23 2498.0 0.024 2.0 1970
10000 -35.16 -6.85 2910.0 0.439 29.8 1970
10000 -3.51 50.80 601.0 0.506 43.6 1956
10000 -35.07 -8.28 405.0 0.477 11.9 1986
10000 -35.06 -7.61 1020.0 0.296 25.3 1973
10000 -35.05 -8.02 7004.0 0.753 20.6 1956
10000 -35.05 -7.13 19244.0 0.859 25.8 1970
10000 34.70 64.75 934.0 0.265 52.7 1935
10000 34.67 64.48 26600.0 8.270 12.0 1962
10000 34.55 -21.15 100885.0 13.982 3.8 1976
10000 34.50 64.43 26500.0 8.191 33.0 1956
10000 34.48 64.93 27700.0 8.370 63.9 1917
10000 3.42 36.65 829.0 0.019 3.7 1976
10000 34.23 65.38 882.0 0.245 30.0 1957
10000 34.18 -19.02 15046.0 4.278 3.8 1976
10000 34.15 -19.95 26314.0 10.516 1.8 1976
10000 34.14 66.79 6920.0 2.540 61.7 1930
10000 -3.39 56.52 4587.0 5.649 49.0 1952
10000 3.37 50.62 5091.0 0.703 15.0 1967
10000 -3.33 51.60 455.0 0.616 28.5 1970
10000 -3.32 34.24 24422.0 0.647 43.5 1957
10000 33.08 68.85 3780.0 1.376 65.0 1928
10000 32.73 -25.02 37600.0 3.351 3.9 1976
10000 32.43 -26.78 28500.0 3.066 3.9 1976
10000 3.20 43.40 1330.0 1.092 3.0 1978
10000 -3.14 57.55 2861.0 2.157 9.0 1980
10000 31.39 -29.14 28920.0 2.798 50.7 1950
10000 31.25 31.25 2900000.0 39.571 12.0 1973
10000 -2.97 52.97 1019.0 0.975 61.9 1937
10000 -2.95 51.75 912.0 0.885 42.7 1957
10000 29.00 69.02 14600.0 4.944 12.0 1956
10000 28.75 45.25 807000.0 203.739 103.0 1900
10000 28.60 59.38 12800.0 2.827 41.7 1944
10000 2.82 36.67 1912.0 0.194 3.7 1976
10000 28.08 70.11 14005.0 5.274 88.0 1911
10000 2.79 42.60 473.0 0.245 32.8 1967
10000 27.83 43.03 4857.0 0.687 51.2 1935
10000 27.75 59.25 56000.0 12.453 85.6 1902
10000 -2.75 5.12 15800.0 4.543 13.5 1965
10000 27.40 37.76 23889.0 3.110 7.8 1976
10000 -2.72 54.08 983.0 1.099 37.0 1959
10000 27.03 59.38 788.0 0.206 63.0 1923
10000 26.99 -33.24 29745.0 0.253 12.1 1969
10000 -2.68 51.80 4010.0 2.322 63.1 1936
10000 26.82 60.69 36535.0 9.575 102.0 1900
10000 26.72 56.90 6510.0 1.410 62.3 1923
10000 26.58 59.37 406.0 0.132 44.0 1942
10000 26.20 41.80 20857.0 3.468 49.0 1936
10000 -2.60 57.05 1370.0 1.119 13.0 1971
10000 25.78 59.47 403.0 0.105 40.0 1945
10000 25.40 65.20 3845.0 1.400 74.5 1911
10000 25.33 59.33 903.0 0.225 44.0 1942
10000 25.10 69.83 918.0 0.465 52.7 1921
10000 24.87 64.76 4395.0 1.230 53.0 1936
10000 24.83 57.17 8510.0 2.125 46.3 1939
10000 24.77 58.47 5165.0 1.506 64.3 1921
10000 24.75 65.75 50599.0 17.168 91.0 1911
10000 24.48 57.85 3265.0 0.943 59.0 1926
10000 24.48 41.28 4393.0 1.254 31.0 1965
10000 24.43 59.30 650.0 0.191 63.0 1923
10000 24.17 56.40 5320.0 0.788 65.2 1920
10000 24.05 56.42 9390.0 1.782 64.8 1920
10000 24.00 58.73 2650.0 0.780 61.4 1924
10000 23.87 59.25 472.0 0.128 55.5 1929
10000 23.63 69.42 5693.0 1.999 6.0 1978
10000 23.58 67.23 14408.0 5.035 65.0 1911
10000 2.35 43.23 1730.0 0.668 30.0 1969
10000 -2.32 52.38 4325.0 1.945 78.8 1921
10000 2.32 41.98 1390.0 0.495 5.0 1978
10000 2.25 6.75 46990.0 5.443 33.8 1948
10000 21.97 56.98 8320.0 2.037 81.5 1900
10000 21.85 63.13 4805.0 1.370 91.0 1911
10000 21.80 40.08 5005.0 1.581 26.0 1962
10000 21.67 65.80 24707.0 15.811 102.0 1900
10000 -2.16 55.72 4390.0 2.599 9.0 1980
10000 21.38 39.18 1349.0 1.636 30.0 1965
10000 21.07 54.64 13600.0 2.689 70.0 1901
10000 -21.00 63.94 5760.0 12.577 41.5 1950
10000 20.98 39.58 350.0 0.642 16.0 1964
10000 -20.63 63.93 7200.0 11.470 44.6 1947
10000 -2.05 51.55 303.0 0.106 34.7 1964
10000 -20.52 64.25 225.0 1.192 37.8 1961
10000 20.28 40.78 1880.0 0.934 10.5 1976
10000 20.02 41.62 646.0 0.789 39.0 1950
10000 20.00 41.93 663.0 0.432 40.0 1954
10000 19.97 41.06 1960.0 1.099 41.0 1950
10000 19.87 40.76 2070.0 1.005 40.0 1950
10000 19.81 40.38 5420.0 4.601 20.0 1965
10000 19.62 42.01 12368.0 10.049 4.0 1965
10000 19.54 -32.54 6903.0 0.268 76.3 1923
10000 1.95 41.47 4561.0 0.493 19.0 1968
10000 -1.94 54.95 2176.0 1.436 46.1 1956
10000 -19.40 65.50 390.0 0.320 60.0 1933
10000 18.59 63.56 3030.0 0.994 52.7 1923
10000 1.83 50.10 5560.0 0.983 15.0 1965
10000 17.88 68.88 580.0 0.678 61.0 1914
10000 -178.70 67.67 26400.0 8.411 41.5 1944
10000 178.28 -17.81 790.0 1.997 2.2 1978
10000 178.10 -18.19 963.0 1.896 2.8 1978
10000 17.73 60.02 284.0 0.066 83.5 1917
10000 177.13 -39.06 2360.0 2.786 9.8 1957
10000 176.99 -38.01 1557.0 1.692 21.0 1973
10000 176.76 -37.94 906.0 0.964 56.6 1948
10000 176.73 -40.02 54.0 0.028 5.8 1965
10000 176.42 -39.53 1030.0 1.204 24.9 1960
10000 176.34 -38.03 632.0 0.687 84.8 1906
10000 175.93 -39.00 780.0 1.691 12.0 1957
10000 175.81 -39.81 2787.0 1.987 25.0 1970
10000 175.26 -39.57 506.0 0.428 32.0 1963
10000 175.24 -38.86 1075.0 1.048 32.0 1963
10000 175.15 -39.77 6643.0 6.844 38.5 1951
10000 175.15 -37.67 11395.0 9.847 8.9 1976
10000 175.09 -41.10 427.0 0.707 24.0 1971
10000 174.15 68.53 6810.0 1.331 22.5 1971
10000 173.96 -41.44 3430.0 4.104 23.0 1961
10000 173.69 -41.62 764.0 0.605 23.0 1961
10000 173.18 -41.71 550.0 0.653 21.0 1959
10000 172.91 -42.46 440.0 0.466 36.3 1958
10000 17.27 63.17 30639.0 12.935 95.0 1909
10000 172.59 -41.79 368.0 0.840 53.4 1934
10000 171.70 -41.83 6350.0 14.394 9.8 1964
10000 169.83 -44.27 1090.0 2.400 41.9 1926
10000 169.73 -44.47 557.0 0.738 31.0 1964
10000 168.95 -46.10 3465.0 2.052 33.0 1961
10000 168.75 -46.25 20306.0 17.355 29.1 1954
10000 167.93 -44.68 155.0 0.971 7.3 1965
10000 167.80 -45.20 3302.0 8.826 37.4 1932
10000 16.75 -28.25 850530.0 6.884 65.2 1935
10000 166.85 -22.23 61.0 0.159 27.0 1958
10000 166.28 -21.95 380.0 0.403 6.4 1973
10000 16.53 62.43 11460.0 3.839 67.0 1909
10000 164.99 -20.78 247.0 0.317 29.5 1955
10000 164.42 -20.43 300.0 0.269 4.9 1955
10000 -16.42 65.83 7000.0 6.009 52.2 1939
10000 -1.63 5.17 22714.0 6.216 14.0 1965
10000 -162.94 67.57 31079.8 11.099 3.3 1965
10000 -16.25 16.25 268000.0 21.691 94.7 1903
10000 16.17 57.01 1345.0 0.312 81.5 1920
10000 16.14 41.30 2716.0 0.418 62.4 1930
10000 161.25 69.25 26700.0 8.417 39.5 1944
10000 -160.13 66.97 24657.0 13.566 25.6 1976
10000 16.00 67.60 390.0 0.784 58.1 1916
10000 -159.42 22.07 16.2 0.043 82.0 1912
10000 1.58 6.91 21475.0 3.470 37.0 1944
10000 158.40 53.18 4750.0 4.278 54.5 1930
10000 -156.58 20.95 10.6 0.035 78.5 1913
10000 15.64 63.84 6432.0 4.603 67.0 1909
10000 15.62 57.42 1898.0 0.480 59.8 1901
10000 -156.13 20.82 9.5 0.033 77.3 1914
10000 -155.90 59.33 16835.0 15.997 20.2 1967
10000 -155.15 19.77 30.0 0.117 28.8 1911
10000 154.50 69.17 29000.0 1.510 17.3 1968
10000 15.43 66.82 426.0 0.429 51.0 1938
10000 151.55 -32.73 17476.0 0.752 31.2 1968
10000 150.75 -23.25 135860.0 13.822 85.7 1914
10000 -150.25 61.75 50246.0 44.681 52.5 1949
10000 -150.02 62.33 5180.0 3.593 37.3 1964
10000 150.00 -35.17 2770.0 0.592 66.0 1910
10000 -149.42 -17.55 78.0 0.406 7.0 1973
10000 -149.32 -17.65 25.0 0.203 12.2 1974
10000 -148.96 70.28 8107.0 1.268 29.0 1971
10000 -148.76 69.09 5719.0 1.471 8.1 1970
10000 148.70 -9.35 4210.0 8.267 6.1 1958
10000 148.36 -37.66 13421.0 1.566 66.3 1922
10000 148.13 -20.83 2280.0 0.642 23.7 1969
10000 147.60 -20.58 7200.0 0.816 37.7 1960
10000 147.48 -36.94 356.0 0.229 64.6 1934
10000 147.38 -9.28 311.0 0.439 13.3 1951
10000 147.38 -37.77 3903.0 0.892 64.5 1937
10000 147.25 -19.75 129450.0 8.897 77.7 1921
10000 147.23 -36.41 4716.0 1.260 64.9 1934
10000 147.18 -9.05 1940.0 4.384 8.1 1954
10000 147.11 -41.46 8997.0 2.345 69.0 1902
10000 147.09 -37.41 1096.0 0.355 45.9 1953
10000 147.02 -36.26 1145.0 0.468 61.6 1937
10000 146.62 -41.90 267.0 0.298 38.0 1923
10000 146.26 -42.26 575.0 0.962 27.0 1922
10000 146.11 -7.81 2410.0 4.680 7.3 1952
10000 146.07 -41.47 149.0 0.275 45.0 1923
10000 145.98 -17.62 390.0 0.807 79.8 1916
10000 145.93 -43.15 686.0 1.402 38.3 1964
10000 145.75 -42.24 757.0 1.508 41.8 1953
10000 145.66 -42.16 449.0 1.039 64.0 1925
10000 145.62 -16.80 1940.0 0.790 79.7 1914
10000 -1.45 35.15 6900.0 0.174 4.0 1976
10000 144.75 -7.25 28749.0 73.794 6.2 1961
10000 -144.75 60.25 53354.0 36.212 41.7 1950
10000 -14.37 65.50 2800.0 3.750 53.3 1949
10000 143.43 42.93 2715.0 2.297 11.0 1959
10000 142.62 -38.33 8355.0 0.284 44.2 1955
10000 142.60 51.13 3420.0 1.727 49.7 1937
10000 14.22 65.50 756.0 0.565 6.0 1978
10000 14.22 42.46 3125.0 1.088 6.2 1992
10000 141.53 43.12 12697.0 14.910 47.0 1954
10000 141.28 -37.93 11914.0 0.581 53.6 1948
10000 140.07 38.75 6271.0 11.526 23.0 1959
10000 -139.57 69.32 5710.0 1.197 23.5 1972
10000 138.80 37.30 9719.0 15.856 50.0 1951
10000 138.55 35.20 3540.0 2.484 34.1 1962
10000 -138.25 59.25 28024.0 27.300 31.3 1974
10000 138.23 36.62 2335.0 4.067 3.9 1959
10000 137.50 52.70 41000.0 15.224 44.4 1941
10000 -13.73 13.47 42000.0 4.724 21.8 1970
10000 137.21 36.70 2688.0 4.914 9.0 1986
10000 136.87 35.20 705.0 0.843 29.0 1969
10000 136.74 35.31 4956.0 8.811 19.9 1959
10000 -1.36 53.92 759.0 0.550 34.2 1965
10000 13.62 53.73 1403.0 0.252 6.8 1977
10000 136.18 36.10 1283.0 2.329 3.0 1958
10000 135.88 34.75 1455.0 1.468 5.0 1991
10000 135.75 71.25 224000.0 33.122 52.4 1951
10000 135.63 34.80 7281.0 8.455 43.0 1953
10000 -135.28 59.47 376.0 0.499 23.0 1963
10000 13.52 56.49 5480.0 1.907 66.0 1910
10000 13.50 -9.50 163832.0 -999.000 -999.0 -999
10000 135.08 -16.45 10400.0 0.716 -999.0 -999
10000 134.20 34.05 2768.0 4.907 26.3 1959
10000 134.08 34.67 1717.0 2.168 4.0 1959
10000 -133.70 58.54 17094.0 12.247 12.2 1987
10000 -133.61 58.20 585.0 2.302 17.6 1916
10000 -133.11 57.17 391.0 1.491 16.7 1977
10000 133.00 33.23 942.0 1.542 32.0 1965
10000 132.64 33.49 372.0 0.418 6.9 1961
10000 132.50 34.45 1527.0 2.523 19.0 1978
10000 132.42 44.27 4030.0 0.608 41.8 1942
10000 132.30 34.99 3807.0 4.804 9.0 1986
10000 -132.25 56.75 51593.0 50.220 47.3 1954
10000 132.18 69.53 10800.0 1.136 15.0 1979
10000 13.18 66.40 18.0 0.062 72.0 1917
10000 -131.64 56.21 175.0 0.654 37.0 1951
10000 131.52 34.05 536.0 0.644 10.8 1955
10000 131.38 31.94 2126.0 4.859 9.0 1986
10000 -131.18 55.38 83.1 0.376 76.4 1915
10000 13.08 -4.11 23385.0 11.966 15.0 1969
10000 130.80 32.22 521.0 1.216 7.9 1959
10000 130.75 32.66 519.0 1.281 5.0 1962
10000 130.57 32.92 907.0 1.327 11.8 1959
10000 130.48 33.32 2315.0 3.591 51.0 1950
10000 130.25 -13.25 46600.0 7.651 31.8 1969
10000 -130.07 56.03 243.0 0.950 10.2 1963
10000 128.85 35.40 22916.0 9.149 19.0 1953
10000 128.83 41.73 720.0 0.281 4.0 1976
10000 128.30 35.31 2984.0 1.408 34.0 1960
10000 127.57 35.18 4480.0 1.768 4.0 1976
10000 -1.27 51.09 237.0 0.134 19.8 1975
10000 127.42 36.38 612.0 0.839 33.0 1962
10000 127.13 41.53 18245.0 4.689 20.0 1965
10000 126.99 -14.66 14000.0 1.144 23.8 1974
10000 126.86 36.31 8261.0 4.692 4.0 1976
10000 126.79 -14.79 1271.0 0.235 27.2 1971
10000 126.75 37.25 25046.0 16.583 24.5 1947
10000 126.72 35.03 2000.0 1.352 4.0 1976
10000 126.50 -14.81 1361.0 0.230 27.2 1971
10000 126.45 40.67 2192.0 1.634 21.0 1964
10000 126.30 39.75 3300.0 2.550 17.0 1965
10000 126.22 39.24 1878.0 1.119 19.0 1966
10000 126.21 -14.80 1695.0 0.270 21.8 1974
10000 126.18 38.98 2727.0 2.158 21.0 1964
10000 125.74 -14.95 1610.0 0.391 30.7 1967
10000 125.58 -18.21 46530.0 7.116 44.8 1955
10000 1.25 49.75 65000.0 10.527 7.0 1971
10000 12.48 41.90 16545.0 7.045 77.3 1921
10000 -124.10 40.49 8063.0 6.630 87.0 1910
10000 -124.06 42.58 10202.0 5.348 39.0 1960
10000 -124.00 41.51 31339.0 15.941 63.3 1910
10000 -123.88 47.45 683.8 2.523 77.7 1911
10000 123.77 41.32 4324.0 1.519 33.0 1955
10000 -123.72 45.47 417.0 1.042 65.1 1914
10000 -123.55 43.59 9539.0 6.700 94.0 1905
10000 -123.47 41.37 1945.1 1.609 67.0 1911
10000 -123.40 72.48 3640.0 0.221 11.4 1975
10000 -123.32 47.50 148.1 0.448 68.8 1924
10000 -123.31 46.94 3351.0 3.695 45.1 1952
10000 12.32 57.24 2160.0 1.088 95.0 1909
10000 123.24 41.46 7919.0 1.874 42.8 1935
10000 -122.91 46.28 5796.0 8.237 70.3 1926
10000 -1.22 35.07 1118.0 0.043 3.7 1976
10000 121.68 16.60 4244.0 8.562 5.5 1969
10000 121.65 14.74 879.0 3.964 5.0 1969
10000 121.50 24.18 435.0 1.035 33.9 1960
10000 121.48 24.57 274.0 0.495 51.0 1950
10000 121.37 41.18 17687.0 1.473 19.5 1960
10000 121.30 23.42 249.0 0.626 35.0 1959
10000 121.28 24.65 335.0 0.554 37.0 1957
10000 121.27 24.30 258.0 0.446 35.0 1959
10000 -121.26 37.68 35058.0 4.141 73.9 1923
10000 121.17 24.70 139.0 0.282 23.0 1971
10000 121.07 22.90 476.0 1.122 38.0 1956
10000 120.83 24.45 247.0 0.414 38.0 1956
10000 120.82 15.15 6487.0 7.269 30.8 1946
10000 120.80 24.30 599.0 1.158 21.0 1973
10000 120.75 23.83 2311.0 3.795 4.0 1965
10000 120.65 23.05 812.0 2.185 50.0 1951
10000 120.60 15.90 2209.0 5.216 8.3 1969
10000 120.53 22.45 310.0 0.732 32.0 1962
10000 120.45 23.50 150.0 0.227 21.0 1973
10000 120.45 23.12 161.0 0.323 35.0 1959
10000 120.33 28.15 13560.0 14.063 36.0 1951
10000 120.30 23.28 227.0 0.270 33.0 1961
10000 120.00 30.00 67212.0 -999.000 -999.0 -999
10000 118.75 39.72 44100.0 4.129 51.2 1929
10000 118.75 -20.25 49895.0 1.447 22.7 1974
10000 11.87 42.35 851.0 0.234 34.0 1930
10000 -118.48 69.11 3050.0 0.259 9.8 1975
10000 11.83 45.10 11954.0 7.163 57.0 1922
10000 118.30 -20.70 8204.0 0.284 26.7 1972
10000 118.18 25.05 2466.0 2.641 29.0 1951
10000 11.75 57.75 46858.0 16.505 104.0 1900
10000 11.75 -4.25 55010.0 28.584 22.9 1956
10000 117.40 39.77 5120.0 0.725 37.0 1951
10000 117.29 5.30 5730.0 7.797 11.3 1970
10000 117.23 5.85 4000.0 5.425 13.5 1969
10000 116.82 -23.31 42455.0 0.450 30.5 1968
10000 116.25 -21.25 48945.0 0.265 29.8 1968
10000 116.08 5.78 1000.0 0.870 12.7 1969
10000 116.08 -32.77 6764.0 0.303 52.5 1939
10000 115.92 5.12 7718.0 6.464 11.7 1969
10000 115.90 -34.52 4060.0 0.293 33.5 1966
10000 115.83 -30.98 12295.0 0.072 30.6 1969
10000 115.78 -34.33 808.0 0.208 24.4 1940
10000 115.62 -34.07 20400.0 0.650 44.6 1955
10000 -115.25 67.75 50700.0 9.031 40.7 1965
10000 115.11 -25.74 7796.0 0.046 25.1 1973
10000 114.64 3.97 3210.0 8.364 8.8 1977
10000 114.25 -27.75 84880.0 0.175 31.5 1967
10000 113.75 -24.75 73545.0 0.718 41.3 1957
10000 11.30 2.30 18100.0 8.697 26.5 1953
10000 11.25 59.75 40221.0 21.211 83.3 1901
10000 112.20 -7.48 8650.0 5.815 33.0 1951
10000 -111.91 67.63 5810.0 1.089 29.2 1968
10000 111.83 -7.10 12804.0 11.507 9.0 1983
10000 1.11 35.87 2398.0 0.112 4.0 1976
10000 1.10 45.20 3125.0 1.891 3.0 1978
10000 110.23 -7.74 2008.0 1.451 13.0 1973
10000 -109.05 25.95 34247.0 0.971 6.0 1976
10000 -108.82 66.74 16800.0 4.121 26.3 1976
10000 108.72 -7.46 2515.0 3.063 35.0 1957
10000 -1.08 52.95 7486.0 2.759 16.5 1965
10000 -108.02 25.90 8179.0 1.294 35.9 1942
10000 -1.07 51.43 1033.0 0.302 38.3 1961
10000 -107.38 24.93 11409.0 0.658 4.0 1976
10000 -107.10 66.81 1530.0 0.298 15.3 1977
10000 -106.95 24.49 8919.0 1.631 7.0 1976
10000 -106.60 23.95 6166.0 1.436 6.0 1976
10000 10.54 43.68 8186.0 2.882 67.3 1924
10000 -105.35 22.50 5092.0 1.095 49.0 1951
10000 -105.25 21.75 128943.0 8.375 26.0 1956
10000 -105.15 21.97 25800.0 2.573 7.0 1976
10000 -105.13 20.92 9329.0 1.138 2.0 1976
10000 10.42 63.33 3079.0 2.891 5.0 1965
10000 -104.14 67.70 16900.0 2.645 30.5 1971
10000 -103.95 18.95 9744.0 0.831 6.0 1976
10000 103.75 1.78 1130.0 1.169 36.7 1963
10000 -103.63 18.80 6835.0 1.203 7.0 1976
10000 1.03 51.26 345.0 0.098 35.0 1964
10000 103.17 1.93 186.0 0.553 10.3 1969
10000 103.05 5.13 3340.0 7.040 26.5 1961
10000 10.28 63.07 3080.0 2.271 5.9 1978
10000 10.23 0.37 1700.0 2.031 7.4 1966
10000 102.25 5.75 11900.0 17.284 50.2 1949
10000 101.71 3.15 490.0 0.699 18.3 1969
10000 101.68 2.85 1240.0 1.084 36.7 1960
10000 101.45 3.40 1450.0 1.819 39.8 1960
10000 10.12 3.57 26400.0 14.084 25.8 1951
10000 101.16 4.11 461.0 0.999 57.7 1930
10000 10.11 35.65 180.0 0.007 23.7 1974
10000 100.97 4.82 7770.0 7.016 39.3 1960
10000 100.67 5.20 689.0 1.190 10.3 1961
10000 100.45 6.22 1274.0 0.918 13.8 1946
10000 -0.88 54.02 1586.0 0.506 26.3 1973
10000 0.75 40.75 84230.0 14.820 72.0 1913
10000 0.69 35.46 6635.0 0.089 2.7 1976
10000 -0.65 39.12 17876.0 1.283 18.1 1965
10000 -0.50 39.52 6294.0 0.253 12.5 1986
10000 0.45 51.25 1256.0 0.336 41.8 1956
10000 -0.31 51.41 9948.0 2.521 101.0 1900
10000 -0.28 52.56 1634.0 0.349 5.0 1980
10000 0.27 36.03 43750.0 0.808 2.7 1976
10000 -0.22 52.29 2570.0 0.501 26.7 1972
9259 -54.75 -6.25 34693.0 27.196 20.7 1975
9211 -114.75 31.75 444701.0 12.360 72.5 1934
7143 95.25 21.75 27420.0 76.880 11.0 1978
m2s_ratio lonm latm area(km2) Vol(km3/yr) nyr yrb
