YEAR    JAN    FEB    MAR    APR    MAY    JUN    JUL    AUG    SEP    OCT    NOV    DEC   D-J-F   M-A-M   J-J-A   S-O-N  metANN
1966  999.9  999.9  999.9  999.9  999.9  999.9   27.9   28.1   27.5   26.8   26.9   26.5   999.9   999.9    28.1    27.1  999.90
1967   26.1   26.2   26.0   26.8   27.6   27.2   27.4   27.7   27.2   27.0   27.0   26.8    26.3    26.8    27.4    27.1   26.89
1968   25.7   26.5   26.5   27.0   27.5   27.3   27.8   28.0   27.8   26.8   27.4   27.0    26.3    27.0    27.7    27.3   27.09
1969   26.5   26.4   27.7   27.9   29.2   28.5   28.6   27.4   27.8   26.6   27.0   27.8    26.6    28.3    28.2    27.1   27.55
1970   27.1   26.9   27.1   27.5   27.6   28.5   27.7   27.4   26.9   27.0   26.7   27.0    27.3    27.4    27.9    26.9   27.35
1971   26.3   26.2   26.4   27.2  999.9  999.9  999.9  999.9  999.9  999.9  999.9  999.9    26.5    27.0   999.9   999.9  999.90
1972  999.9  999.9  999.9  999.9  999.9  999.9  999.9  999.9  999.9  999.9  999.9  999.9   999.9   999.9   999.9   999.9  999.90
1973  999.9  999.9  999.9  999.9  999.9  999.9  999.9  999.9  999.9  999.9  999.9  999.9   999.9   999.9   999.9   999.9  999.90
1974  999.9  999.9  999.9  999.9  999.9  999.9  999.9  999.9  999.9  999.9  999.9  999.9   999.9   999.9   999.9   999.9  999.90
1975  999.9  999.9  999.9  999.9  999.9  999.9  999.9  999.9  999.9  999.9   26.6   26.1   999.9   999.9   999.9   999.9  999.90
1976   25.8   26.0   26.0   27.1   27.9   27.6   27.9   28.2   28.1   27.2   27.9   27.1    26.0    27.0    27.9    27.7   27.15
1977   26.7   26.7   26.6   27.3   27.9   28.0   27.9   28.1   28.0   28.1   28.1   27.5    26.8    27.3    28.0    28.1   27.54
1978   26.7   27.3   27.5   28.1   28.0   28.1   28.1   28.4   27.3   27.3   28.0   26.9    27.2    27.9    28.2    27.5   27.69
1979   26.6   27.4   27.7   27.6   28.5   28.1   28.4   27.9   27.5   28.2   27.9   27.5    27.0    27.9    28.1    27.9   27.73
1980   27.5   27.1   26.7   28.0   28.9   28.6   28.4   28.1   28.5   27.5   27.5   27.3    27.4    27.9    28.4    27.8   27.86
1981   27.5   27.4   28.0   27.5   27.7   27.9   28.3   27.6   27.6   27.2   27.7   27.6    27.4    27.7    27.9    27.5   27.64
1982   26.8   27.0   26.7   27.4   28.1   28.1   27.9   28.6   28.3   27.1   27.7   27.1    27.1    27.4    28.2    27.7   27.61
1983   27.2   27.1   28.3   28.2   29.0   29.1   28.7   28.7   28.5   27.4   28.0   27.3    27.1    28.5    28.8    28.0   28.11
1984   26.9   27.2   27.2   27.6   28.1   28.2   27.3   27.5   27.0   27.1   26.6   26.4    27.1    27.6    27.7    26.9   27.33
1985   25.7   26.5   26.6   27.1   28.1   28.1   28.2   27.8   27.5   27.0   27.3   26.3    26.2    27.3    28.0    27.3   27.19
1986   26.4   26.5   27.4   27.9   28.4   28.2   28.5   28.5   28.2   27.4   27.8   26.9    26.4    27.9    28.4    27.8   27.62
1987   26.9   27.6   28.3   28.9   28.4   29.4   28.2   28.9   28.4   27.3   28.5   27.9    27.1    28.5    28.8    28.1   28.14
1988   26.5   27.1   27.4   28.3   28.8   28.1   28.2   27.2   27.4   27.3   27.3   26.7    27.2    28.2    27.8    27.3   27.62
1989   26.2   26.0   27.1   27.2   28.6   28.1   28.2   28.2   26.8   27.7   27.3   26.7    26.3    27.6    28.2    27.3   27.34
1990   26.7   26.4   26.8   27.9   28.8   29.3   29.0   28.7   28.8   27.3   28.0   27.0    26.6    27.8    29.0    28.0   27.87
1991   26.5   26.8   27.6   28.0   28.2   28.7   28.5   29.0   28.3   27.8   28.0   26.8    26.8    27.9    28.7    28.0   27.87
1992   26.8   27.3   27.3   28.2   28.9   29.2   28.6   28.0   28.3   28.0   28.1   27.7    27.0    28.1    28.6    28.1   27.96
1993   27.6   27.4   27.7   28.7   28.4   29.0   28.2   28.2   27.4   28.4   27.7   27.7    27.6    28.3    28.5    27.8   28.03
1994   26.7   26.6   27.5   27.8   28.4   28.6   28.1   28.5   28.5   27.6   27.5   27.5    27.0    27.9    28.4    27.9   27.79
1995   27.5   27.3   27.9   28.3   28.8   28.5   28.0   27.8   28.5   27.4   28.4   27.9    27.4    28.3    28.1    28.1   27.99
1996   27.4   27.4   27.7   28.0   28.1   28.3   28.0   28.5   28.1   27.5   27.1   27.3    27.6    27.9    28.3    27.6   27.83
1997   27.0   27.3   26.5   27.7   28.8   28.7   28.9   29.2   28.8   28.2   28.0   28.1    27.2    27.7    28.9    28.3   28.03
1998   27.7   28.3   28.0   28.9   29.1   28.6   28.4   29.0   28.0   27.7   27.6   27.2    28.0    28.7    28.7    27.8   28.28
1999   26.9   26.3   27.4   28.0   28.3   28.0   28.1   27.5   26.7   26.6   26.8   27.1    26.8    27.9    27.9    26.7   27.32
2000   26.4   26.6   26.9   27.6   28.3  999.9   28.2   28.8   27.9   28.3   27.6   27.2    26.7    27.6    28.6    27.9   27.70
2001   26.7   25.8   26.8   27.3   28.0   27.9   28.2   28.9   27.7   27.7   27.7   28.3    26.6    27.4    28.3    27.7   27.49
2002   28.4   28.0   28.8   28.7   29.2   28.8   28.1   28.9   28.0   28.7   28.8   28.4    28.2    28.9    28.6    28.5   28.56
2003   28.4   28.4   27.7   28.5   29.1   29.6   28.7   29.1   29.1  999.9   28.3   27.7    28.4    28.4    29.1    28.6   28.64
2004   27.2   27.6   27.5   28.2   28.4   28.9   28.0   28.7   27.6  999.9   27.4   27.5    27.5    28.0    28.5    27.4   27.87
2005  999.9   27.5   28.6   29.1   28.8   28.6   28.7   28.4   28.3   27.0   27.3   27.5    27.4    28.8    28.6    27.5   28.09
2006   27.6   27.4   27.6   28.3   28.8   28.5  999.9   28.3   28.4   28.0   27.6   27.8    27.5    28.2    28.4    28.0   28.03
2007   26.4   27.7   28.0   28.3   28.1   28.8   28.6   27.7   28.1   26.8   28.2   27.7    27.3    28.1    28.4    27.7   27.88
2008   26.9   27.0  999.9   27.8   28.2   28.2   28.0   27.7   27.9   27.5   27.2   27.7    27.2    27.7    28.0    27.5   27.61
2009   27.2   26.9   26.7   27.4   27.9   27.8   28.3   28.4   29.0   28.1   28.7   28.4    27.3    27.3    28.2    28.6   27.84
2010   27.7   28.1   29.3   29.2   29.1   28.3   27.8   28.0  999.9   27.7   26.8   26.9    28.1    29.2    28.0    27.4   28.17
2011   27.2   26.3   27.0   27.8   27.6   28.2   27.9   28.2   27.9   26.5   27.0   27.3    26.8    27.5    28.1    27.1   27.38
2012   26.7   26.3  999.9   27.8   28.4   28.5  999.9   28.4   28.8   27.8   28.4   27.8    26.8    27.8    28.4    28.3   27.84
2013   26.9   27.4   28.1   28.6   28.4   28.4   28.6   27.7   27.7   27.9   27.6   27.6    27.4    28.4    28.2    27.7   27.93
2014   27.2   26.9   27.4   28.2   28.6   29.0   29.2   28.7   27.9   27.8   27.9   27.8    27.2    28.1    29.0    27.9   28.03
2015   27.0  999.9  999.9  999.9  999.9  999.9  999.9  999.9  999.9  999.9  999.9  999.9   999.9   999.9   999.9   999.9  999.90
